B: 10.811
C: 12.011
CO3: 60.007999999999996
Ca: 40.078
CaCO3: 100.0869
CaO: 56.0774
Cl: 35.45
Cu: 63.546
Fe: 55.845
HCO3: 61.0168
K: 39.0983
K2O: 94.196
Mg: 24.305
MgCO3: 84.3139
MgO: 40.3044
Mn: 54.938045
Mo: 95.96
N: 14.0067
NH3: 17.03052
NH4: 18.03846
NO2: 46.0055
NO3: 62.0049
Na: 22.98976928
Na2O: 61.97894
P: 30.973762
P2O5: 141.9445
PO4: 94.9714
S: 32.065
SO2: 64.0638
SO3: 80.0632
SO4: 96.0626
Si: 28.085
SiO2: 60.083
Ur-N: 60.06
Zn: 65.38
