name: default
source: Excel Wasserwerte (inkl. Osmosefaktor)
mg_per_l:
  NH4: 0.006666666666666666
  NO3: 0.6666666666666667
  P2O5: 0.0
  K2O: 1.0443333333333333
  CaO: 49.897666666666666
  MgO: 9.395333333333333
  Na2O: 7.189333333333333
  SO4: 23.333333333333336
  Fe: 0.002
  Mn: 0.0006666666666666668
  Cu: 0.0006666666666666668
  Zn: 0.0006666666666666668
  B: 0.005333333333333334
  Mo: 0.0
  Cl: 10.666666666666668
  CO3: 10.131453333333333
  SiO2: 6.333333333333334
  HCO3: 103.06666666666666
